
00000000 : 0001 0007 0002 0017 0005 0006 0002 0004 0004 0018 0003 0008 0006 0032 0007 0008
00000001 : 0001 0001 0001 0001 0001 0001 0001 0001 0001 0001 0001 0001 0001 0001 0001 0001
00000002 : 0001 0001 0001 0001 0001 0001 0001 0001 0001 0001 0005 0001 0001 0001 0001 0001
00000003 : 0001 0001 0001 0001 0001 0001 0001 0001 0001 0001 0001 0001 0001 0001 0001 0001
00000004 : 0001 0001 0001 0001 0001 0001 0006 0001 0001 0001 0002 0001 0001 0001 0001 0001
00000005 : 0001 0001 0001 0001 0001 0001 0001 0001 0005 0003 0001 0001 0002 0001 0001 0001
00000006 : 0001 0001 0001 0001 0001 0001 0001 0001 0001 0001 0002 0001 0001 0001 0001 0001
00000007 : 0001 0001 0001 0001 0001 0001 0001 0001 0001 0001 0001 0001 0001 0001 0001 0001
00000008 : 0004 000a 0008 0008 0008 0003 0004 0003 0004 0004 0006 0005 0005 0003 0008 0003
00000009 : 0002 0001 0004 0001 0001 0001 0002 0001 0002 0001 0018 0001 000e 0001 0005 0001
0000000a : 0009 0001 0002 0003 0009 0001 0001 0001 0002 0001 0003 0001 0004 0001 000a 0001
0000000b : 0001 0001 0001 0001 0001 0001 0001 0001 0001 0001 0001 0001 0001 0001 0001 0001
0000000c : 0001 0001 0001 0001 0001 0001 0001 0001 0002 0009 0003 0001 0001 0001 0001 0001
0000000d : 0001 0001 0001 0001 0001 0001 0001 0001 0005 0003 0001 0001 0001 0001 0001 0001
0000000e : 0001 0001 0001 0001 0001 0001 0001 0001 0002 0001 0003 0001 0001 0001 0001 0001
0000000f : 0001 0001 0001 0001 0001 0001 0001 0001 0001 0001 0001 0001 0001 0001 0001 0001